F146 256 0 0
F146 256 0 256
F146 256 0 512
F146 256 0 768
F146 256 0 1024
F146 256 0 1280
F146 256 0 1536
F146 256 0 1792
F146 256 0 2048
F146 256 0 2304
F146 256 0 2560
F146 256 0 2816
F146 256 0 3072
F146 256 0 3328
F146 256 0 3584
F146 256 0 3840
F146 256 256 0
F146 256 256 256
F146 256 256 512
F146 256 256 768
F146 256 256 1024
F146 256 256 1280
F146 256 256 1536
F146 256 256 1792
F146 256 256 2048
F146 256 256 2304
F146 256 256 2560
F146 256 256 2816
F146 256 256 3072
F146 256 256 3328
F146 256 256 3584
F146 256 256 3840
F146 256 512 0
F146 256 512 256
F146 256 512 512
F146 256 512 768
F146 256 512 1024
F146 256 512 1280
F146 256 512 1536
F146 256 512 1792
F146 256 512 2048
F146 256 512 2304
F146 256 512 2560
F146 256 512 2816
F146 256 512 3072
F146 256 512 3328
F146 256 512 3584
F146 256 512 3840
F146 256 768 0
F146 256 768 256
F146 256 768 512
F146 256 768 768
F146 256 768 1024
F146 256 768 1280
F146 256 768 1536
F146 256 768 1792
F146 256 768 2048
F146 256 768 2304
F146 256 768 2560
F146 256 768 2816
F146 256 768 3072
F146 256 768 3328
F146 256 768 3584
F146 256 768 3840
F146 256 1024 0
F146 256 1024 256
F146 256 1024 512
F146 256 1024 768
F146 256 1024 1024
F146 256 1024 1280
F146 256 1024 1536
F146 256 1024 1792
F146 256 1024 2048
F146 256 1024 2304
F146 256 1024 2560
F146 256 1024 2816
F146 256 1024 3072
F146 256 1024 3328
F146 256 1024 3584
F146 256 1024 3840
F146 256 1280 0
F146 256 1280 256
F146 256 1280 512
F146 256 1280 768
F146 256 1280 1024
F146 256 1280 1280
F146 256 1280 1536
F146 256 1280 1792
F146 256 1280 2048
F146 256 1280 2304
F146 256 1280 2560
F146 256 1280 2816
F146 256 1280 3072
F146 256 1280 3328
F146 256 1280 3584
F146 256 1280 3840
F146 256 1536 0
F146 256 1536 256
F146 256 1536 512
F146 256 1536 768
F146 256 1536 1024
F146 256 1536 1280
F146 256 1536 1536
F146 256 1536 1792
F146 256 1536 2048
F146 256 1536 2304
F146 256 1536 2560
F146 256 1536 2816
F146 256 1536 3072
F146 256 1536 3328
F146 256 1536 3584
F146 256 1536 3840
F146 256 1792 0
F146 256 1792 256
F146 256 1792 512
F146 256 1792 768
F146 256 1792 1024
F146 256 1792 1280
F146 256 1792 1536
F146 256 1792 1792
F146 256 1792 2048
F146 256 1792 2304
F146 256 1792 2560
F146 256 1792 2816
F146 256 1792 3072
F146 256 1792 3328
F146 256 1792 3584
F146 256 1792 3840
F146 256 2048 0
F146 256 2048 256
F146 256 2048 512
F146 256 2048 768
F146 256 2048 1024
F146 256 2048 1280
F146 256 2048 1536
F146 256 2048 1792
F146 256 2048 2048
F146 256 2048 2304
F146 256 2048 2560
F146 256 2048 2816
F146 256 2048 3072
F146 256 2048 3328
F146 256 2048 3584
F146 256 2048 3840
F146 256 2304 0
F146 256 2304 256
F146 256 2304 512
F146 256 2304 768
F146 256 2304 1024
F146 256 2304 1280
F146 256 2304 1536
F146 256 2304 1792
F146 256 2304 2048
F146 256 2304 2304
F146 256 2304 2560
F146 256 2304 2816
F146 256 2304 3072
F146 256 2304 3328
F146 256 2304 3584
F146 256 2304 3840
F146 256 2560 0
F146 256 2560 256
F146 256 2560 512
F146 256 2560 768
F146 256 2560 1024
F146 256 2560 1280
F146 256 2560 1536
F146 256 2560 1792
F146 256 2560 2048
F146 256 2560 2304
F146 256 2560 2560
F146 256 2560 2816
F146 256 2560 3072
F146 256 2560 3328
F146 256 2560 3584
F146 256 2560 3840
F146 256 2816 0
F146 256 2816 256
F146 256 2816 512
F146 256 2816 768
F146 256 2816 1024
F146 256 2816 1280
F146 256 2816 1536
F146 256 2816 1792
F146 256 2816 2048
F146 256 2816 2304
F146 256 2816 2560
F146 256 2816 2816
F146 256 2816 3072
F146 256 2816 3328
F146 256 2816 3584
F146 256 2816 3840
F146 256 3072 0
F146 256 3072 256
F146 256 3072 512
F146 256 3072 768
F146 256 3072 1024
F146 256 3072 1280
F146 256 3072 1536
F146 256 3072 1792
F146 256 3072 2048
F146 256 3072 2304
F146 256 3072 2560
F146 256 3072 2816
F146 256 3072 3072
F146 256 3072 3328
F146 256 3072 3584
F146 256 3072 3840
F146 256 3328 0
F146 256 3328 256
F146 256 3328 512
F146 256 3328 768
F146 256 3328 1024
F146 256 3328 1280
F146 256 3328 1536
F146 256 3328 1792
F146 256 3328 2048
F146 256 3328 2304
F146 256 3328 2560
F146 256 3328 2816
F146 256 3328 3072
F146 256 3328 3328
F146 256 3328 3584
F146 256 3328 3840
F146 256 3584 0
F146 256 3584 256
F146 256 3584 512
F146 256 3584 768
F146 256 3584 1024
F146 256 3584 1280
F146 256 3584 1536
F146 256 3584 1792
F146 256 3584 2048
F146 256 3584 2304
F146 256 3584 2560
F146 256 3584 2816
F146 256 3584 3072
F146 256 3584 3328
F146 256 3584 3584
F146 256 3584 3840
F146 256 3840 0
F146 256 3840 256
F146 256 3840 512
F146 256 3840 768
F146 256 3840 1024
F146 256 3840 1280
F146 256 3840 1536
F146 256 3840 1792
F146 256 3840 2048
F146 256 3840 2304
F146 256 3840 2560
F146 256 3840 2816
F146 256 3840 3072
F146 256 3840 3328
F146 256 3840 3584
F146 256 3840 3840